name: "lorenz-v0"
tf_precision: 64
teleport: False
normalize_env: True
gp:
  ls: [[0.874092287748782, 3.42174933978027, 4.5979403951210545, 21.866343388561294, 101.05791497936185, 136.0550302833318],
      [0.5987195141890933, 1.8229765314922288, 2.78665890973657, 12.32964329858222, 48.127023505744596, 68.15332731694551],
      [0.5914034281501297, 1.9438350258547057, 2.8209560284806194, 13.363703293740748, 49.34198791208756, 67.90246567962762]]
  alpha: [0.9979773180726083, 2.343619240734646, 2.587533732821771]
  sigma: 0.01
  periodic: False
  period: 2.0
mpc:
  nsamps: 20
  planning_horizon: 2
  n_elites: 3
  beta: 0.001
  gamma: 1.0
  xi: 0.2
  num_iters: 3
  actions_per_plan: 1
