name: "lorenz-v0"
tf_precision: 64
teleport: False
normalize_env: True
gp:
  ls: [[0.8769794814231504, 3.446964825195763, 4.653277867192647, 22.342579016223766, 103.5385985880879, 145.89146384417006],
      [0.7416214216727153, 2.0882288768136177, 3.4113303160129314, 15.498088599665094, 97.70911195631444, 248.5636885434505],
      [0.5921143507564532, 1.9451633742625358, 2.82363631107733, 13.367734488459599, 49.603896289821016, 68.27751351956306]]
  alpha: [1.026336044903068, 6.835609422083898, 2.5962785912993502]
  sigma: 0.01
  periodic: False
  period: 2.0
mpc:
  nsamps: 20
  planning_horizon: 2
  n_elites: 3
  beta: 0.001
  gamma: 1.0
  xi: 0.2
  num_iters: 3
  actions_per_plan: 1
