name: "bacpendulum-semimarkov-v0"
gp:
  ls: [[100.89454414118376, 4.176209889841543, 104.60831445922624, 106.1688053943342], [0.05244659499685369, 78.94876379712335, 93.23732014292511, 118.42696642850196]]
  alpha: [0.1, 1.8]
  sigma: 0.0011
  periodic: False  # They have something like periodic GP
mpc:
  nsamps: 25
  planning_horizon: 20
  n_elites: 3
  beta: 3
  gamma: 1.25
  xi: 0.3
  num_iters: 1
  actions_per_plan: 1
eigmpc:
  nsamps: 25
  planning_horizon: 15
  n_elites: 3
  beta: 3
  gamma: 1.25
  xi: 0.3
  num_iters: 1
  actions_per_plan: 1

environment_parameters:
  dict_pde_config:
    ep_length: 200
    dt: 0.05
    max_delay: 0.1
    min_delay: 0.025

  dict_init_conditon_config:
    init_cond_type: equilibrium
    init_cond_scale: 0.1

  dtype: float64
